1634784981.2856784
1634784981.4736772
1634784981.506676
1634784981.5356753
1634784981.5656765
1634784981.611676
1634784981.6436756
1634784981.691676
1634784981.724677
1634784981.7506764
1634784981.7756765
1634784981.8206754
1634784981.851676
1634784981.8776755
1634784981.899677
1634784981.9326785
1634784981.9776766
1634784982.0136776
1634784982.0616767
1634784982.0936768
1634784982.1196759
1634784982.145681
1634784982.1736763
1634784982.2206762
1634784982.250677
1634784982.2756755
1634784982.2996764
1634784982.331677
1634784982.379678
1634784982.4276762
1634784982.4596765
1634784982.4866772
1634784982.5116768
1634784982.5426764
1634784982.587676
1634784982.6226761
1634784982.6506763
1634784982.6726766
1634784982.6996765
1634784982.7486784
1634784982.7816758
1634784982.8276777
1634784982.8626766
1634784982.9076767
1634784982.9396791
1634784982.9876764
1634784983.0356762
1634784983.0596776
1634784983.0836754
1634784983.1166763
1634784983.1476777
1634784983.1746755
1634784983.228676
1634784983.2546759
1634784983.2796764
1634784983.3066802
1634784983.355677
1634784983.3876767
1634784983.4356768
1634784983.4676776
1634784983.7116776
1634784983.7356768
1634784983.7636766
1634784983.8036766
1634784983.8356755
1634784983.8836753
1634784983.9156768
1634784983.943676
1634784983.9666767
1634784983.9956772
1634784984.0446765
1634784984.0766761
1634784984.1236777
1634784984.1556764
1634784984.183676
1634784984.208678
1634784984.2516758
1634784984.2836776
1634784984.3096755
1634784984.3326762
1634784984.3636754
1634784984.4116757
1634784984.443678
1634784984.4916763
1634784984.5236769
1634784984.5496774
1634784984.5726767
1634784984.6036766
1634784984.6516778
1634784984.6846771
1634784984.7116766
1634784984.7366753
1634784984.7636762
1634784984.8116772
1634784984.8596776
1634784984.8926837
1634784984.939677
1634784984.9716766
1634784985.0196767
1634784985.0516765
1634784985.077676
1634784985.104677
1634784985.1316788
1634784985.179676
1634784985.2116766
1634784985.257676
1634784985.2906775
1634784985.320676
1634784985.343676
1634784985.3736765
1634784985.4216774
1634784985.4676769
1634784985.4966767
1634784985.5226762
1634784985.5476763
1634784985.5816765
1634784985.6066759
1634784985.6596763
1634784985.6866777
1634784985.7106762
1634784985.7396765
1634784985.7876816
1634784985.8196764
1634784985.8456771
1634784985.8696759
1634784985.8996758
1634784985.947676
1634784985.980677
1634784986.078677
1634784986.1066763
1634784986.1296759
1634784986.1566768
1634784986.1886773
1634784986.2356772
1634784986.2716768
1634784986.3156781
1634784986.347677
1634784986.373676
1634784986.4256778
1634784986.452679
1634784986.4806767
1634784986.507683
1634784986.5556757
1634784986.5876818
1634784986.6356764
1634784986.6676762
1634784986.7156756
1634784986.7426775
1634784986.7686765
1634784986.7976782
1634784986.8466756
1634784986.8756795
1634784986.9246762
1634784986.9566767
1634784987.0046754
1634784987.0366778
1634784987.0836782
1634784987.1156795
1634784987.1416762
1634784987.1666772
1634784987.1956754
1634784987.243679
1634784987.2756786
1634784987.3236759
1634784987.371676
1634784987.4036758
1634784987.4516761
1634784987.4836767
1634784987.5316768
1634784987.5636756
1634784987.611676
1634784987.6436794
1634784987.691676
1634784987.7246761
1634784987.7526822
1634784987.7796764
1634784987.806676
1634784987.8496766
1634784987.8816776
1634784987.906677
1634784987.92968
1634784987.9796762
1634784988.0116756
1634784988.0596764
1634784988.094681
1634784988.1396775
1634784988.18768
1634784988.2196772
1634784988.251679
1634784988.2786763
1634784988.3016765
1634784988.333676
1634784988.3796773
1634784988.4096763
1634784988.4596763
