1634767701.7950914
1634767701.9260921
1634767701.9700916
1634767702.0020912
1634767702.0300915
1634767702.0540915
1634767702.0830913
1634767702.1300924
1634767702.1610925
1634767702.2100914
1634767702.2580914
1634767702.2870913
1634767702.3130918
1634767702.3380923
1634767702.3710926
1634767702.3990932
1634767702.422093
1634767702.4500911
1634767702.4970913
1634767702.5290911
1634767702.5770912
1634767702.6090932
1634767702.6360924
1634767702.663092
1634767702.692092
1634767702.7380917
1634767702.7700918
1634767702.7960913
1634767702.819091
1634767702.8500915
1634767702.8970912
1634767702.9460907
1634767702.9760911
1634767703.003092
1634767703.0300944
1634767703.0550914
1634767703.1080914
1634767703.1410916
1634767703.1700923
1634767703.1950908
1634767703.221092
1634767703.2670918
1634767703.2990923
1634767703.3450916
1634767703.3790915
1634767703.4250913
1634767703.457091
1634767703.5050907
1634767703.5530918
1634767703.580092
1634767703.601092
1634767703.6340914
1634767703.6660914
1634767703.693092
1634767703.7460923
1634767703.7740922
1634767703.8000915
1634767703.8250914
1634767703.876093
1634767703.9060934
1634767703.9350922
1634767703.9610915
1634767703.990092
1634767704.0330913
1634767704.065091
1634767704.096091
1634767704.1200933
1634767704.1620915
1634767704.1930916
1634767704.2410915
1634767704.2730918
1634767704.3020916
1634767704.3290951
1634767704.3530939
1634767704.4030914
1634767704.434096
1634767704.4650912
1634767704.4920924
1634767704.5210922
1634767704.5610914
1634767704.594091
1634767704.6410913
1634767704.6730917
1634767704.7030923
1634767704.7270923
1634767704.7690911
1634767704.8030922
1634767704.831091
1634767704.8540921
1634767704.8830924
1634767704.9310915
1634767704.9620938
1634767705.0090926
1634767705.043093
1634767705.0710938
1634767705.093095
1634767705.121092
1634767705.1690924
1634767705.2010949
1634767705.2280934
1634767705.2510948
1634767705.2811
1634767705.3300924
1634767705.3770912
1634767705.411092
1634767705.4420917
1634767705.4661012
1634767705.4970915
1634767705.5370932
1634767705.5700917
1634767705.6000926
1634767705.6240914
1634767705.6540966
1634767705.6970913
1634767705.7330956
1634767705.782092
1634767705.8100932
1634767705.860093
1634767705.8890939
1634767705.9380941
1634767705.9890914
1634767706.016093
1634767706.039094
1634767706.0670922
1634767706.0980973
1634767706.1280944
1634767706.177092
1634767706.2060924
1634767706.2290924
1634767706.2590919
1634767706.305094
1634767706.3380904
1634767706.3680918
1634767706.3940933
1634767706.4240913
1634767706.4650936
1634767706.5010927
1634767706.5500925
1634767706.596092
1634767706.625092
1634767706.6470916
1634767706.6730938
1634767706.7060928
1634767706.7330933
1634767706.759091
1634767706.785092
1634767706.8330913
1634767706.8650916
1634767706.9460912
1634767706.9740913
1634767706.9970918
1634767707.0240912
1634767707.0760942
1634767707.1030934
1634767707.1320925
1634767707.1570933
1634767707.2030923
1634767707.236096
1634767707.2810912
1634767707.3150911
1634767707.3610907
1634767707.3930936
1634767707.4410937
1634767707.4750912
1634767707.521092
1634767707.5540948
1634767707.5990906
1634767707.6310916
1634767707.6580918
1634767707.6820912
1634767707.7140913
1634767707.7610908
1634767707.8090916
1634767707.845094
1634767707.8780918
1634767707.9000914
1634767707.9270928
1634767707.9720929
1634767707.9990914
1634767708.027093
1634767708.0520923
1634767708.083091
1634767708.1260912
1634767708.1600916
1634767708.2090917
1634767708.2390919
1634767708.2660916
1634767708.2890928
1634767708.321092
1634767708.369098
1634767708.4010916
1634767708.4270911
1634767708.450092
1634767708.498092
1634767708.5290928
1634767708.5780919
1634767708.6090908
1634767708.6380908
1634767708.6620922
1634767708.689091
1634767708.7370908
1634767708.767091
1634767708.795091
1634767708.8200948
1634767708.8520932
1634767708.9000914
1634767708.9310918
1634767708.9770916
1634767709.0110912
1634767709.0580914
1634767709.105093
1634767709.1380925
1634767709.1860924
1634767709.2190928
1634767709.2660918
1634767709.3030922
1634767709.3450935
1634767709.3780916
1634767709.406092
1634767709.429093
1634767709.4570916
1634767709.5080929
1634767709.5380948
1634767709.5670917
1634767709.5930908
1634767709.6180923
1634767709.6650913
1634767709.714091
1634767709.744092
1634767709.769091
1634767709.7950912
1634767709.8260922
1634767709.873092
1634767709.9050963
1634767709.954091
1634767709.986093
1634767710.0340915
1634767710.066091
1634767710.1390948
1634767710.1840932
1634767710.2090921
1634767710.2320926
1634767710.274092
1634767710.3220916
1634767710.3490913
1634767710.375092
1634767710.4040918
1634767710.436094
1634767710.483091
1634767710.5140924
1634767710.561092
