1634796044.191295
1634796044.418325
1634796044.4473202
1634796044.4813268
1634796044.5142956
1634796044.5472953
1634796044.580324
1634796044.6144238
1634796044.6484258
1634796044.680323
1634796044.7124176
1634796044.7472947
1634796044.7813237
1634796044.8142927
1634796044.8474214
1634796044.879421
1634796044.9143045
1634796044.94742
1634796044.9812932
1634796045.0142949
1634796045.0482936
1634796045.080303
1634796045.1143026
1634796045.1484196
1634796045.1814177
1634796045.214294
1634796045.2482965
1634796045.2813241
1634796045.315423
1634796045.347424
1634796045.3814218
1634796045.4154217
1634796045.4483247
1634796045.4802947
1634796045.5153234
1634796045.547319
1634796045.581422
1634796045.6144202
1634796045.6484194
1634796045.6814182
1634796045.7152941
1634796045.7482936
1634796045.7813234
1634796045.8143234
1634796045.8484218
1634796045.8824203
1634796045.9143178
1634796045.947294
1634796045.982296
1634796046.0152936
1634796046.0473225
1634796046.082421
1634796046.1134186
1634796046.1474204
1634796046.1824174
1634796046.2134247
1634796046.2483237
1634796046.282318
1634796046.3144221
1634796046.348423
1634796046.3824246
1634796046.4134176
1634796046.448294
1634796046.4822936
1634796046.5143232
1634796046.5493252
1634796046.582346
1634796046.6154194
1634796046.649304
1634796046.6822956
1634796046.716294
1634796046.7482936
1634796046.7824275
1634796046.8153226
1634796046.8492928
1634796046.8832932
1634796046.9162936
1634796046.9492943
1634796046.9822948
1634796047.016294
1634796047.0492995
1634796047.082299
1634796047.11642
1634796047.1494198
1634796047.1824238
1634796047.2162952
1634796047.2482936
1634796047.2833729
1634796047.3144224
1634796047.3482938
1634796047.3833787
1634796047.4164171
1634796047.4482934
1634796047.4832942
1634796047.5162954
1634796047.5494237
1634796047.5833867
1634796047.6144242
1634796047.6502938
1634796047.6832936
1634796047.7153254
1634796047.7503357
1634796047.7824254
1634796047.81634
1634796047.850294
1634796047.881421
1634796047.915418
1634796047.9502935
1634796047.9832935
1634796048.0162935
1634796048.0493035
1634796048.083303
1634796048.116303
1634796048.1502929
1634796048.1832943
1634796048.217293
1634796048.250294
1634796048.284294
1634796048.3173192
1634796048.3493025
1634796048.3823009
1634796048.4172938
1634796048.449324
1634796048.484294
1634796048.5172973
1634796048.5494227
1634796048.5823045
1634796048.6173258
1634796048.6502938
1634796048.684328
1634796048.7163246
1634796048.750294
1634796048.7834203
1634796048.8164258
1634796048.8494205
1634796048.884417
1634796048.917294
1634796048.9502947
1634796048.9833252
1634796049.017423
1634796049.051327
1634796049.0842938
1634796049.115416
1634796049.151295
1634796049.184296
1634796049.2162943
1634796049.2512932
1634796049.2844229
1634796049.3173232
1634796049.3512943
1634796049.383418
1634796049.4182935
1634796049.4503186
1634796049.4842937
1634796049.5183027
1634796049.551417
1634796049.584419
1634796049.6184175
1634796049.651294
1634796049.6832936
1634796049.7183006
1634796049.750294
1634796049.784294
1634796049.8183048
1634796049.8513014
1634796049.883418
1634796049.9182942
1634796049.9513187
1634796049.9854221
1634796050.0182967
1634796050.051417
1634796050.0853236
1634796050.118303
1634796050.1502945
1634796050.185326
1634796050.2173269
1634796050.2512965
1634796050.2853274
1634796050.318294
1634796050.352294
1634796050.3852937
1634796050.4182942
1634796050.4522955
1634796050.4852936
1634796050.5182936
1634796050.5522947
1634796050.5854151
1634796050.619303
1634796050.6522937
1634796050.6852953
1634796050.7182944
1634796050.7523236
1634796050.7852957
1634796050.818295
1634796050.8522937
1634796050.8842947
1634796050.919295
1634796050.9512959
1634796050.9852948
1634796051.019294
1634796051.052312
1634796051.0854156
1634796051.1184173
1634796051.1512942
1634796051.1852944
1634796051.2183027
1634796051.2523046
1634796051.2853045
1634796051.3193042
1634796051.3514178
1634796051.3854182
1634796051.419295
1634796051.4512942
1634796051.4864223
1634796051.5184221
1634796051.5522938
1634796051.5854177
1634796051.6184227
1634796051.653294
1634796051.6862938
1634796051.7194219
1634796051.753294
1634796051.7863035
1634796051.8184228
1634796051.852419
1634796051.8862946
1634796051.9182951
1634796051.9534223
1634796051.9863234
1634796052.0183225
1634796052.0532928
