1634795987.6862938
1634795987.9162946
1634795987.947293
1634795987.9762955
1634795988.0062933
1634795988.036294
1634795988.0792942
1634795988.1282933
1634795988.1542935
1634795988.1772928
1634795988.2082949
1634795988.2402964
1634795988.265294
1634795988.2902932
1634795988.321294
1634795988.368293
1634795988.4012938
1634795988.4472938
1634795988.4762938
1634795988.5272937
1634795988.5622942
1634795988.6072938
1634795988.638293
1634795988.6872942
1634795988.7322948
1634795988.7672958
1634795988.8432927
1634795988.893294
1634795988.9262943
1634795988.9752936
1634795989.0032933
1634795989.0272956
1634795989.055293
1634795989.0882933
1634795989.1332946
1634795989.166294
1634795989.194295
1634795989.242293
1634795989.2692945
1634795989.2932932
1634795989.3432932
1634795989.374294
1634795989.398293
1634795989.4212937
1634795989.4552946
1634795989.5032947
1634795989.5322936
1634795989.5582943
1634795989.5832934
1634795989.615293
1634795989.6632931
1634795989.6932929
1634795989.7412937
1634795989.7752936
1634795989.822293
1634795989.8552935
1634795989.9052944
1634795989.9362938
1634795989.9832938
1634795990.0322933
1634795990.0662932
1634795990.1112926
1634795990.1432934
1634795990.1692927
1634795990.192293
1634795990.221293
1634795990.271297
1634795990.300294
1634795990.3262932
1634795990.3482945
1634795990.3832936
1634795990.4292948
1634795990.4632947
1634795990.5102959
1634795990.5432932
1634795990.568294
1634795990.5922937
1634795990.639293
1634795990.671293
1634795990.6982932
1634795990.7192929
1634795990.7512932
1634795990.7992933
1634795990.831293
1634795990.879294
1634795990.9102962
1634795990.9382932
1634795990.9592936
1634795990.9912941
1634795991.040293
1634795991.1092942
1634795991.1392934
1634795991.166293
1634795991.2002947
1634795991.2492945
1634795991.2822938
1634795991.328294
1634795991.361293
1634795991.408294
1634795991.4372957
