1634767641.7520924
1634767641.8660915
1634767641.8890922
1634767641.9170914
1634767641.9510925
1634767641.9850943
1634767642.0170927
1634767642.051093
1634767642.088091
1634767642.119091
1634767642.1500921
1634767642.1850924
1634767642.2200935
1634767642.4210916
1634767642.4510918
1634767642.487094
1634767642.519093
1634767642.551092
1634767642.5840921
1634767642.6170926
1634767642.655091
1634767642.6840913
1634767642.7180912
1634767642.7510905
1634767642.7860923
1634767642.8190923
1634767642.8510919
1634767642.884095
1634767642.9180918
1634767642.9520915
1634767642.9850929
1634767643.018091
1634767643.0510912
1634767643.0850923
1634767643.1190941
1634767643.1510935
1634767643.184092
1634767643.218091
1634767643.2560909
1634767643.2870915
1634767643.318091
1634767643.351091
1634767643.386093
1634767643.4190924
1634767643.451091
1634767643.4850912
1634767643.5180907
1634767643.5520914
1634767643.5850914
1634767643.619093
1634767643.6540923
1634767643.6860938
1634767643.7190936
1634767643.7520916
1634767643.7850916
1634767643.8240905
1634767643.8520906
1634767643.8850908
1634767643.9180908
1634767643.9540915
1634767643.9860907
1634767644.0180917
1634767644.0540907
1634767644.0850918
1634767644.1180916
1634767644.152091
1634767644.1860929
1634767644.220092
1634767644.2520921
1634767644.2850914
1634767644.3190916
1634767644.3570921
1634767644.387091
1634767644.419092
1634767644.4520915
1634767644.487093
1634767644.5200934
1634767644.5520923
1634767644.5900915
1634767644.6210916
1634767644.6520905
1634767644.6860917
1634767644.7200918
1634767644.7530928
1634767644.7870922
1634767644.819091
1634767644.8520913
1634767644.8860912
1634767644.919091
1634767644.9530911
1634767644.9870927
1634767645.0200932
1634767645.0530915
1634767645.0860908
1634767645.1210914
1634767645.156091
1634767645.187091
1634767645.2220907
1634767645.253091
1634767645.2860913
1634767645.3220913
1634767645.3540926
1634767645.386093
1634767645.4200919
1634767645.4530914
1634767645.491091
1634767645.5220912
1634767645.5530915
1634767645.5860915
1634767645.6220927
1634767645.6540933
1634767645.6864765
1634767645.7200913
1634767645.763093
1634767645.791091
1634767645.826093
1634767645.8530912
1634767645.886091
1634767645.9230921
1634767645.9540927
1634767645.9880936
1634767646.020093
1634767646.056091
1634767646.086091
1634767646.120091
1634767646.155093
