1634784362.8531387
1634784363.0821404
1634784363.1171393
1634784363.1531434
1634784363.1901386
1634784363.2351391
1634784363.2671387
1634784363.2971394
1634784363.3211422
1634784363.362138
1634784363.3961384
1634784363.4261408
1634784363.4511392
1634784363.4741395
1634784363.5211446
1634784363.5511434
1634784363.6021395
1634784363.6331396
1634784363.6631384
1634784363.68614
1634784363.7141411
1634784363.7611406
1634784363.7971392
1634784363.8271394
1634784363.8501406
1634784363.8761387
1634784363.921141
1634784363.9691472
1634784364.0011432
1634784364.0301406
1634784364.0581388
1634784364.0881386
1634784364.1291392
1634784364.1591396
1634784364.1881428
1634784364.209139
1634784364.2411382
1634784364.289138
1634784364.3211396
1634784364.3731399
1634784364.4031396
1634784364.4521403
1634784364.4821396
1634784364.53114
1634784364.57814
1634784364.6081398
1634784364.6321418
1634784364.6601398
1634784364.6911402
1634784364.716139
1634784364.740138
1634784364.7701392
1634784364.8171396
1634784364.8491387
1634784364.8971386
1634784364.9291382
1634784364.9801385
1634784365.0121386
1634784365.0591378
1634784365.0891376
1634784365.1191413
1634784365.185138
1634784365.21514
1634784365.2401402
1634784365.2711406
1634784365.3031385
1634784365.3481402
1634784365.3791401
1634784365.4251397
1634784365.4571388
1634784365.4871397
1634784365.5131385
1634784365.5441384
1634784365.5851388
1634784365.617142
1634784365.6651402
1634784365.6971388
1634784365.726138
1634784365.7501392
1634784365.7871387
1634784365.8251386
1634784365.8561397
1634784365.880138
1634784365.9111388
1634784365.9531398
1634784365.9881403
1634784366.0331383
1634784366.0661378
1634784366.094139
1634784366.11714
1634784366.147139
1634784366.1961396
1634784366.22814
1634784366.2581387
1634784366.2841387
1634784366.32114
1634784366.3531396
1634784366.386138
1634784366.433139
1634784366.4811404
1634784366.5081406
1634784366.5321386
1634784366.5631385
1634784366.5931394
1634784366.6251397
1634784366.6491387
1634784366.679142
1634784366.721139
1634784366.7531433
1634784366.8011384
1634784366.8341398
1634784366.8641388
1634784366.8881397
1634784366.9151402
1634784366.9691403
1634784367.000139
1634784367.0421405
1634784367.0891404
1634784367.1211395
1634784367.1691382
1634784367.201142
1634784367.2271395
1634784367.249138
1634784367.2811382
1634784367.3291385
1634784367.3641398
1634784367.395139
1634784367.419141
1634784367.447138
1634784367.4901388
1634784367.5211387
1634784367.5691395
1634784367.6011398
1634784367.6261387
1634784367.6491387
1634784367.6971405
1634784367.7291389
1634784367.7571418
1634784367.7821393
1634784367.8111393
1634784367.8571386
1634784367.889141
1634784367.9271388
1634784367.9501393
1634784367.9791415
1634784368.0181413
1634784368.0491393
1634784368.09814
1634784368.1311395
1634784368.1621382
1634784368.1891403
1634784368.220145
1634784368.2571402
1634784368.3051395
1634784368.3351398
1634784368.3571389
1634784368.386139
1634784368.4181423
1634784368.4661398
1634784368.4981387
1634784368.5261388
1634784368.5501387
1634784368.5791392
1634784368.6261387
1634784368.6581383
1634784368.7061393
1634784368.7371454
1634784368.78614
1634784368.8191402
1634784368.8661406
1634784368.9141388
1634784368.9471407
1634784368.9761412
1634784369.0101383
1634784369.0401394
1634784369.07314
1634784369.1061385
1634784369.1531403
1634784369.185139
1634784369.2331383
1634784369.265138
1634784369.3131382
1634784369.3461387
1634784369.3941379
1634784369.427139
1634784369.4561436
1634784369.4821386
1634784369.5221386
1634784369.5531394
1634784369.6011405
1634784369.6341405
1634784369.6641395
1634784369.689139
1634784369.723139
1634784369.7611384
1634784369.7931383
1634784369.8251393
1634784369.85214
1634784369.8801408
1634784369.921141
1634784369.9551392
1634784370.0011406
1634784370.0351393
1634784370.0621402
1634784370.0841389
1634784370.1321394
1634784370.1631389
1634784370.1921396
1634784370.218141
1634784370.24814
1634784370.2891402
1634784370.321139
1634784370.369139
1634784370.4026513
1634784370.435651
1634784370.4566512
1634784370.4866517
1634784370.5296504
1634784370.5616503
1634784370.591652
1634784370.6166518
1634784370.6486516
1634784370.6886528
1634784370.740652
1634784370.7706528
1634784370.804652
1634784370.827651
1634784370.8576522
1634784370.9006515
1634784370.9326534
1634784370.9596527
1634784370.983652
1634784371.0086534
1634784371.0566506
1634784371.0916529
1634784371.1236532
1634784371.1486516
1634784371.179653
1634784371.2176516
1634784371.2496512
1634784371.2976506
1634784371.3296506
1634784371.357651
1634784371.384653
1634784371.4256518
1634784371.4616532
1634784371.492651
1634784371.5176506
1634784371.5456507
1634784371.5856535
1634784371.6186512
1634784371.6656535
1634784371.6976519
1634784371.7236524
1634784371.747655
1634784371.7796593
1634784371.8246512
1634784371.857651
1634784371.885652
1634784371.9156525
1634784371.946652
1634784371.9856522
1634784372.0336509
1634784372.0666513
1634784372.095658
1634784372.1196516
1634784372.1536524
1634784372.1926522
1634784372.2276533
1634784372.2516515
1634784372.2776504
1634784372.3066554
1634784372.3536513
1634784372.3866506
1634784372.4326518
1634784372.468654
1634784372.4966507
1634784372.5236542
1634784372.548651
1634784372.5936506
1634784372.641651
1634784372.6696513
1634784372.692652
1634784372.7216527
1634784372.7546506
1634784372.8016527
1634784372.836653
1634784372.8646512
1634784372.8886523
1634784372.915651
1634784372.9616504
1634784372.9916544
1634784373.018652
1634784373.0456536
1634784373.0746508
1634784373.121651
1634784373.1566513
1634784373.201651
1634784373.2496521
1634784373.2746513
1634784373.2986507
1634784373.329651
1634784373.359652
1634784373.388652
1634784373.4106514
1634784373.4416547
1634784373.4886513
1634784373.5216508
1634784373.5706506
1634784373.6026516
1634784373.62965
1634784373.656652
1634784373.6836526
1634784373.7306519
1634784373.7616508
1634784373.8076518
1634784373.8576508
1634784373.8876507
1634784373.9156508
1634784373.9686515
1634784373.9966514
1634784374.0196526
1634784374.0496523
1634784374.0956526
1634784374.1316535
1634784374.158653
1634784374.18265
1634784374.2096512
1634784374.2576509
1634784374.2896514
1634784374.3166509
1634784374.365651
1634784374.3916519
1634784374.4176512
1634784374.4656525
1634784374.5006518
1634784374.5276508
1634784374.5506518
1634784374.576651
1634784374.6276522
1634784374.6546504
1634784374.6816523
1634784374.7066514
1634784374.7376525
1634784374.7826507
1634784374.818651
1634784374.865651
1634784374.8976517
1634784374.9276526
1634784374.951655
1634784374.980652
1634784375.0256512
1634784375.0736506
1634784375.102349
1634784375.1276531
1634784375.1536512
1634784375.189654
1634784375.234655
1634784375.2616537
1634784375.2926514
1634784375.3166518
1634784375.3456514
1634784375.3916512
1634784375.4256518
1634784375.4546523
1634784375.4796512
1634784375.5076504
1634784375.5536528
1634784375.5866513
1634784375.633651
1634784375.679651
1634784375.708651
1634784375.7316523
1634784375.7636514
1634784375.7916508
1634784375.8186507
1634784375.8446522
1634784375.8736522
1634784375.9206517
1634784375.9496522
1634784376.0016544
1634784376.0306518
1634784376.0576537
1634784376.0816517
1634784376.113651
1634784376.1616502
1634784376.1906507
1634784376.217652
1634784376.2446513
1634784376.2736504
1634784376.3216507
1634784376.3656502
1634784376.4046526
1634784376.4526527
1634784376.4846516
1634784376.5306513
1634784376.5636516
1634784376.592651
1634784376.6166508
1634784376.6456506
1634784376.6866522
1634784376.7196507
1634784376.7696512
1634784376.801654
1634784376.829652
1634784376.8546522
1634784376.8836515
1634784376.9296508
1634784376.9776504
1634784377.0046535
1634784377.0256505
1634784377.0576518
1634784377.0876508
1634784377.115651
1634784377.165651
1634784377.193655
1634784377.2196534
1634784377.2506511
1634784377.298651
1634784377.3286517
1634784377.3576512
1634784377.3836508
1634784377.422652
1634784377.4996524
1634784377.5856512
1634784377.612651
1634784377.6386523
1634784377.6676512
1634784377.6956506
1634784377.7216506
1634784377.7486527
1634784377.7796526
1634784377.824653
