1634742412.075138
1634742412.2916472
1634742412.3156486
1634742412.346649
1634742412.3951623
1634742412.4271638
1634742412.4741602
1634742412.521159
1634742412.5531592
1634742412.6001577
1634742412.633159
1634742412.6811574
1634742412.713158
1634742412.7621586
1634742412.792159
1634742412.8411574
1634742412.8721588
1634742412.9211578
1634742412.952157
1634742413.0021582
1634742413.0311575
1634742413.0811584
1634742413.1281571
1634742413.1611626
1634742413.2071583
1634742413.2421615
1634742413.2901602
1634742413.3211586
1634742413.37116
1634742413.4011598
1634742413.4501588
1634742413.4791577
1634742413.530158
1634742413.5631573
1634742413.6111572
1634742413.6421578
1634742413.6871574
1634742413.7191582
1634742413.7701585
1634742413.8191588
1634742413.8471575
1634742413.8991601
1634742413.930158
1634742413.9801593
1634742414.011157
1634742414.0591588
1634742414.09016
1634742414.1351566
1634742414.1691594
1634742414.219668
1634742414.250174
1634742414.2961745
1634742414.3281732
1634742414.377682
1634742414.4226828
1634742414.4581895
1634742414.5016952
1634742414.5372112
1634742414.5862098
1634742414.617211
1634742414.6652114
1634742414.6977253
1634742414.7452316
1634742414.8177583
1634742414.839263
1634742414.8602633
1634742414.9052787
1634742414.9412794
1634742414.9822772
1634742415.0332778
1634742415.0662787
1634742415.1132784
1634742415.144279
1634742415.1912782
1634742415.2272804
1634742415.2712781
1634742415.3022778
1634742415.35328
1634742415.3862784
1634742415.4342797
1634742415.4662795
1634742415.5132794
1634742415.546279
1634742415.5932791
1634742415.643278
1634742415.6732802
1634742415.721279
1634742415.753279
1634742415.7982771
1634742415.8322785
1634742415.8792777
1634742415.9132788
1634742415.963279
1634742415.9932797
1634742416.0383084
1634742416.0713108
1634742416.12031
1634742416.1503096
1634742416.1998217
1634742416.2493303
1634742416.2813299
1634742416.3283305
1634742416.36133
1634742416.4083292
1634742416.44133
1634742416.4883323
1634742416.5213323
1634742416.5683293
1634742416.6023302
1634742416.6473286
1634742416.680846
1634742416.7313566
1634742416.7603562
1634742416.8118653
1634742416.8543735
1634742416.8903751
1634742416.937375
1634742416.9693737
1634742417.0173745
1634742417.0493736
1634742417.0973768
1634742417.1293743
1634742417.1773744
1634742417.2113738
1634742417.2563744
1634742417.2913744
1634742417.3393767
1634742417.3693738
1634742417.4153738
1634742417.462398
1634742417.4953978
1634742417.5453982
1634742417.574398
1634742417.6253996
1634742417.657619
1634742417.7023966
1634742417.737424
1634742417.7849307
1634742417.81793
1634742417.8644395
1634742417.8984404
1634742417.9414365
1634742417.9774375
1634742418.0254376
1634742418.0734386
1634742418.105438
1634742418.1534376
1634742418.1854377
1634742418.2324367
1634742418.2664392
1634742418.3124366
1634742418.3424628
1634742418.3939755
1634742418.424976
1634742418.4744847
1634742418.5074852
1634742418.552483
1634742418.5864842
1634742418.6334827
1634742418.6814826
1634742418.7124841
1634742418.761483
1634742418.7934828
1634742418.840484
1634742418.874483
1634742418.9224832
1634742418.955487
1634742419.0014856
1634742419.0334835
1634742419.0824838
1634742419.1114826
1634742419.1594827
1634742419.191484
1634742419.2384841
1634742419.270482
1634742419.3174844
1634742419.3675125
1634742419.4014852
1634742419.4484844
1634742419.481485
1634742419.5294833
1634742419.5634868
1634742419.6084852
1634742419.6424835
1634742419.6884832
1634742419.7234843
1634742419.7694833
1634742419.8014824
1634742419.8494828
1634742419.8824832
1634742419.931484
1634742419.9754834
1634742420.0104842
1634742420.055484
1634742420.0914843
1634742420.1364844
1634742420.1694853
1634742420.2174842
1634742420.247484
1634742420.2984855
1634742420.3304846
1634742420.377486
1634742420.411485
1634742420.457485
1634742420.4894836
1634742420.5354824
1634742420.5854838
1634742420.6214838
1634742420.6715002
1634742420.7015011
1634742420.7465014
1634742420.777502
1634742420.8255062
1634742420.8575025
1634742420.9055042
1634742420.93752
