1634796079.9362962
1634796080.2732954
1634796080.3532953
1634796080.4442925
1634796080.528294
1634796080.6142933
1634796080.6952927
1634796080.7752936
1634796080.8612928
1634796080.947293
1634796081.0272944
1634796081.1102934
1634796081.1942925
1634796081.2602928
1634796081.3442936
1634796081.4262936
1634796081.511293
1634796081.5912929
1634796081.6752946
1634796081.7582924
1634796081.8392928
1634796081.9202948
1634796082.0042963
1634796082.0842936
1634796082.1662936
1634796082.2373235
1634796082.320293
1634796082.3982928
1634796082.4792936
1634796082.5632927
1634796082.646293
1634796082.726294
1634796082.8062928
1634796082.8842933
1634796082.9582932
1634796083.0402925
1634796083.1192935
1634796083.1842933
1634796083.2602947
1634796083.3392944
1634796083.424293
1634796083.5102944
1634796083.598293
1634796083.6792932
1634796083.7573228
1634796083.8382947
1634796083.920295
1634796084.005294
1634796084.0882945
1634796084.1572933
1634796084.237293
1634796084.3153229
1634796084.4002938
1634796084.4822936
1634796084.5652928
1634796084.6462932
1634796084.726293
1634796084.804296
1634796084.8833284
1634796084.9602933
1634796085.0412946
1634796085.1082935
1634796085.1932926
1634796085.2742934
1634796085.3522937
1634796085.4342945
1634796085.5162928
1634796085.596322
1634796085.6752934
1634796085.754293
1634796085.8372939
1634796085.9183228
1634796085.9963229
1634796086.0603251
1634796086.1432927
1634796086.2242928
1634796086.302294
1634796086.385325
1634796086.4642935
1634796086.5482955
1634796086.6332934
1634796086.7082937
1634796086.786294
1634796086.8662944
1634796086.941293
1634796087.0102928
1634796087.0872931
1634796087.1663241
1634796087.2452934
1634796087.322294
1634796087.4002926
1634796087.477293
1634796087.5572934
1634796087.630324
1634796087.7142932
1634796087.7922945
1634796087.869293
1634796087.9352949
1634796088.0162945
1634796088.0972939
1634796088.1832948
1634796088.2672937
1634796088.3502924
1634796088.4302936
1634796088.5162945
1634796088.6262934
1634796088.7123218
1634796088.7892928
1634796088.8742943
